  Hugoniot 
  Temperature,    Density,        Pressure,       Int. Energy,    Sp. Entropy,    Part. Vel.,     Shock Vel. 
  K,              g/cm3,          GPa,            MJ/kg,          MJ/K/kg,        km/s,           km/s
  2.980000e+02,   2.940000e+00,   1.000000e-04,   0.000000e+00,   0.000000e+00,   0.000000e+00,   5.336470e+00
  2.980000e+02,   3.355000e+00,   1.423494e-01,   5.200745e-02,   2.226823e-04,   7.736229e-02,   6.254228e-01
  2.980000e+02,   3.360000e+00,   2.852198e-01,   5.189028e-02,   2.219710e-04,   1.101020e-01,   8.808157e-01
  2.980000e+02,   3.365000e+00,   4.286012e-01,   5.183718e-02,   2.212633e-04,   1.356764e-01,   1.074238e+00
  2.980000e+02,   3.370000e+00,   5.724970e-01,   5.184801e-02,   2.205592e-04,   1.576138e-01,   1.235253e+00
  2.980000e+02,   3.375000e+00,   7.169106e-01,   5.192262e-02,   2.198586e-04,   1.772704e-01,   1.375374e+00
  2.980000e+02,   3.380000e+00,   8.618454e-01,   5.206083e-02,   2.191615e-04,   1.953367e-01,   1.500541e+00
  2.980000e+02,   3.385000e+00,   1.007305e+00,   5.226252e-02,   2.184678e-04,   2.122198e-01,   1.614301e+00
  2.980000e+02,   3.390000e+00,   1.153292e+00,   5.252752e-02,   2.177777e-04,   2.281831e-01,   1.718980e+00
  2.980000e+02,   3.395000e+00,   1.299811e+00,   5.285569e-02,   2.170909e-04,   2.434084e-01,   1.816201e+00
  2.980000e+02,   3.400000e+00,   1.446864e+00,   5.324689e-02,   2.164075e-04,   2.580267e-01,   1.907154e+00
  2.980000e+02,   3.422000e+00,   2.100334e+00,   5.571332e-02,   2.134403e-04,   3.172077e-01,   2.252043e+00
  3.154207e+02,   3.444000e+00,   2.792938e+00,   6.951314e-02,   2.434797e-04,   3.728489e-01,   2.547801e+00
  3.410687e+02,   3.466000e+00,   3.513983e+00,   9.069678e-02,   2.903226e-04,   4.258911e-01,   2.806347e+00
  3.650787e+02,   3.488000e+00,   4.247601e+00,   1.134960e-01,   3.348857e-04,   4.764256e-01,   3.032432e+00
  3.880618e+02,   3.510000e+00,   4.994152e+00,   1.379307e-01,   3.777806e-04,   5.252145e-01,   3.234216e+00
  4.102815e+02,   3.532000e+00,   5.754002e+00,   1.640217e-01,   4.192320e-04,   5.727407e-01,   3.417095e+00
  4.320365e+02,   3.554000e+00,   6.527511e+00,   1.917908e-01,   4.596032e-04,   6.193302e-01,   3.584853e+00
  4.535044e+02,   3.576000e+00,   7.315042e+00,   2.212611e-01,   4.991095e-04,   6.652143e-01,   3.740262e+00
  4.748149e+02,   3.598000e+00,   8.116955e+00,   2.524561e-01,   5.379094e-04,   7.105630e-01,   3.885419e+00
  4.960726e+02,   3.620000e+00,   8.933611e+00,   2.854006e-01,   5.761342e-04,   7.555054e-01,   4.021955e+00
  5.173640e+02,   3.642000e+00,   9.765366e+00,   3.201200e-01,   6.138937e-04,   8.001418e-01,   4.151163e+00
  5.387471e+02,   3.664000e+00,   1.061258e+01,   3.566405e-01,   6.512425e-04,   8.445517e-01,   4.274085e+00
  5.602949e+02,   3.686000e+00,   1.147560e+01,   3.949893e-01,   6.882810e-04,   8.887997e-01,   4.391576e+00
  5.820694e+02,   3.708000e+00,   1.235479e+01,   4.351942e-01,   7.250928e-04,   9.329385e-01,   4.504344e+00
  6.041200e+02,   3.730000e+00,   1.325050e+01,   4.772836e-01,   7.617365e-04,   9.770122e-01,   4.612982e+00
  6.264923e+02,   3.752000e+00,   1.416309e+01,   5.212869e-01,   7.982639e-04,   1.021058e+00,   4.717991e+00
  6.492095e+02,   3.774000e+00,   1.509290e+01,   5.672341e-01,   8.346621e-04,   1.065107e+00,   4.819801e+00
  6.723234e+02,   3.796000e+00,   1.604028e+01,   6.151557e-01,   8.710062e-04,   1.109187e+00,   4.918778e+00
  6.958780e+02,   3.818000e+00,   1.700560e+01,   6.650831e-01,   9.073544e-04,   1.153321e+00,   5.015241e+00
  7.198877e+02,   3.840000e+00,   1.798920e+01,   7.170482e-01,   9.436654e-04,   1.197531e+00,   5.109465e+00
  7.444015e+02,   3.862000e+00,   1.899144e+01,   7.710836e-01,   9.800177e-04,   1.241834e+00,   5.201694e+00
  7.694428e+02,   3.884000e+00,   2.001266e+01,   8.272226e-01,   1.016401e-03,   1.286246e+00,   5.292139e+00
  7.950484e+02,   3.906000e+00,   2.105322e+01,   8.854990e-01,   1.052853e-03,   1.330782e+00,   5.380989e+00
  8.212387e+02,   3.928000e+00,   2.211346e+01,   9.459472e-01,   1.089350e-03,   1.375455e+00,   5.468409e+00
  8.480547e+02,   3.950000e+00,   2.319376e+01,   1.008602e+00,   1.125949e-03,   1.420277e+00,   5.554549e+00
  8.755201e+02,   3.972000e+00,   2.429445e+01,   1.073500e+00,   1.162638e-03,   1.465258e+00,   5.639541e+00
  9.036582e+02,   3.994000e+00,   2.541590e+01,   1.140676e+00,   1.199402e-03,   1.510409e+00,   5.723503e+00
  9.325045e+02,   4.016000e+00,   2.655845e+01,   1.210168e+00,   1.236274e-03,   1.555737e+00,   5.806542e+00
  9.620860e+02,   4.038000e+00,   2.772248e+01,   1.282013e+00,   1.273254e-03,   1.601252e+00,   5.888756e+00
  9.924307e+02,   4.060000e+00,   2.890833e+01,   1.356248e+00,   1.310343e-03,   1.646960e+00,   5.970230e+00
  1.023567e+03,   4.082000e+00,   3.011637e+01,   1.432913e+00,   1.347546e-03,   1.692869e+00,   6.051045e+00
  1.055522e+03,   4.104000e+00,   3.134696e+01,   1.512046e+00,   1.384858e-03,   1.738986e+00,   6.131272e+00
  1.088322e+03,   4.126000e+00,   3.260047e+01,   1.593688e+00,   1.422263e-03,   1.785317e+00,   6.210976e+00
  1.122000e+03,   4.148000e+00,   3.387726e+01,   1.677878e+00,   1.459789e-03,   1.831867e+00,   6.290218e+00
  1.156583e+03,   4.170000e+00,   3.517770e+01,   1.764657e+00,   1.497421e-03,   1.878642e+00,   6.369053e+00
  1.192098e+03,   4.192000e+00,   3.650216e+01,   1.854067e+00,   1.535154e-03,   1.925646e+00,   6.447532e+00
  1.228575e+03,   4.214000e+00,   3.785102e+01,   1.946150e+00,   1.572983e-03,   1.972886e+00,   6.525700e+00
  1.266044e+03,   4.236000e+00,   3.922465e+01,   2.040948e+00,   1.610916e-03,   2.020365e+00,   6.603600e+00
  1.304533e+03,   4.258000e+00,   4.062343e+01,   2.138504e+00,   1.648940e-03,   2.068088e+00,   6.681273e+00
  1.344072e+03,   4.280000e+00,   4.204775e+01,   2.238863e+00,   1.687049e-03,   2.116059e+00,   6.758754e+00
  1.384691e+03,   4.302000e+00,   4.349798e+01,   2.342068e+00,   1.725237e-03,   2.164281e+00,   6.836078e+00
  1.426420e+03,   4.324000e+00,   4.497452e+01,   2.448165e+00,   1.763501e-03,   2.212760e+00,   6.913277e+00
  1.469291e+03,   4.346000e+00,   4.647777e+01,   2.557199e+00,   1.801840e-03,   2.261498e+00,   6.990379e+00
  1.513334e+03,   4.368000e+00,   4.800811e+01,   2.669216e+00,   1.840251e-03,   2.310500e+00,   7.067412e+00
  1.558579e+03,   4.390000e+00,   4.956594e+01,   2.784264e+00,   1.878713e-03,   2.359768e+00,   7.144401e+00
  1.605060e+03,   4.412000e+00,   5.115168e+01,   2.902390e+00,   1.917235e-03,   2.409306e+00,   7.221372e+00
  1.652808e+03,   4.434000e+00,   5.276572e+01,   3.023641e+00,   1.955809e-03,   2.459118e+00,   7.298345e+00
  1.701856e+03,   4.456000e+00,   5.440849e+01,   3.148068e+00,   1.994424e-03,   2.509206e+00,   7.375343e+00
  1.752235e+03,   4.478000e+00,   5.608038e+01,   3.275719e+00,   2.033072e-03,   2.559573e+00,   7.452386e+00
  1.803979e+03,   4.500000e+00,   5.778184e+01,   3.406645e+00,   2.071751e-03,   2.610223e+00,   7.529491e+00
  1.857123e+03,   4.522000e+00,   5.951328e+01,   3.540896e+00,   2.110457e-03,   2.661159e+00,   7.606677e+00
  1.911701e+03,   4.544000e+00,   6.127514e+01,   3.678525e+00,   2.149186e-03,   2.712384e+00,   7.683960e+00
  1.967746e+03,   4.566000e+00,   6.306784e+01,   3.819583e+00,   2.187924e-03,   2.763900e+00,   7.761357e+00
  2.025295e+03,   4.588000e+00,   6.489184e+01,   3.964124e+00,   2.226674e-03,   2.815710e+00,   7.838882e+00
  2.084381e+03,   4.610000e+00,   6.674758e+01,   4.112201e+00,   2.265424e-03,   2.867818e+00,   7.916551e+00
  2.145042e+03,   4.632000e+00,   6.863551e+01,   4.263870e+00,   2.304170e-03,   2.920225e+00,   7.994375e+00
  2.207313e+03,   4.654000e+00,   7.055608e+01,   4.419185e+00,   2.342908e-03,   2.972935e+00,   8.072370e+00
  2.271232e+03,   4.676000e+00,   7.250977e+01,   4.578203e+00,   2.381631e-03,   3.025951e+00,   8.150546e+00
  2.336834e+03,   4.698000e+00,   7.449704e+01,   4.740980e+00,   2.420313e-03,   3.079275e+00,   8.228916e+00
  2.404162e+03,   4.720000e+00,   7.651838e+01,   4.907575e+00,   2.459012e-03,   3.132910e+00,   8.307492e+00
  2.473248e+03,   4.742000e+00,   7.857425e+01,   5.078047e+00,   2.497653e-03,   3.186859e+00,   8.386284e+00
  2.544134e+03,   4.764000e+00,   8.066515e+01,   5.252454e+00,   2.536266e-03,   3.241123e+00,   8.465303e+00
  2.616859e+03,   4.786000e+00,   8.279157e+01,   5.430857e+00,   2.574849e-03,   3.295707e+00,   8.544559e+00
  2.691463e+03,   4.808000e+00,   8.495403e+01,   5.613317e+00,   2.613390e-03,   3.350613e+00,   8.624062e+00
  2.767984e+03,   4.830000e+00,   8.715301e+01,   5.799897e+00,   2.651881e-03,   3.405843e+00,   8.703821e+00
  2.846464e+03,   4.852000e+00,   8.938905e+01,   5.990659e+00,   2.690319e-03,   3.461400e+00,   8.783846e+00
  2.926943e+03,   4.874000e+00,   9.166266e+01,   6.185667e+00,   2.728702e-03,   3.517287e+00,   8.864145e+00
  3.009460e+03,   4.896000e+00,   9.397435e+01,   6.384986e+00,   2.767029e-03,   3.573506e+00,   8.944726e+00
  3.094062e+03,   4.918000e+00,   9.632469e+01,   6.588682e+00,   2.805302e-03,   3.630060e+00,   9.025599e+00
  3.180787e+03,   4.940000e+00,   9.871421e+01,   6.796821e+00,   2.843492e-03,   3.686952e+00,   9.106771e+00
  3.269679e+03,   4.962000e+00,   1.011435e+02,   7.009472e+00,   2.881624e-03,   3.744184e+00,   9.188251e+00
  3.360780e+03,   4.984000e+00,   1.036130e+02,   7.226703e+00,   2.919679e-03,   3.801760e+00,   9.270045e+00
  3.454134e+03,   5.006000e+00,   1.061234e+02,   7.448584e+00,   2.957670e-03,   3.859681e+00,   9.352161e+00
  3.549783e+03,   5.028000e+00,   1.086752e+02,   7.675184e+00,   2.995566e-03,   3.917951e+00,   9.434606e+00
  3.647773e+03,   5.050000e+00,   1.112691e+02,   7.906578e+00,   3.033389e-03,   3.976572e+00,   9.517388e+00
  3.748148e+03,   5.072000e+00,   1.139055e+02,   8.142836e+00,   3.071130e-03,   4.035547e+00,   9.600514e+00
  3.850951e+03,   5.094000e+00,   1.165851e+02,   8.384033e+00,   3.108785e-03,   4.094879e+00,   9.683990e+00
  3.956229e+03,   5.116000e+00,   1.193086e+02,   8.630244e+00,   3.146353e-03,   4.154571e+00,   9.767824e+00
  4.064028e+03,   5.138000e+00,   1.220765e+02,   8.881545e+00,   3.183833e-03,   4.214625e+00,   9.852021e+00
  4.174393e+03,   5.160000e+00,   1.248894e+02,   9.138015e+00,   3.221225e-03,   4.275044e+00,   9.936589e+00
  4.287370e+03,   5.182000e+00,   1.277480e+02,   9.399730e+00,   3.258512e-03,   4.335831e+00,   1.002153e+01
  4.331305e+03,   5.204000e+00,   1.308507e+02,   9.681400e+00,   3.299265e-03,   4.400315e+00,   1.011450e+01
  4.354693e+03,   5.226000e+00,   1.340672e+02,   9.973606e+00,   3.341910e-03,   4.466227e+00,   1.021019e+01
  4.377489e+03,   5.248000e+00,   1.373257e+02,   1.027110e+01,   3.385124e-03,   4.532346e+00,   1.030579e+01
  4.400902e+03,   5.270000e+00,   1.406192e+02,   1.057336e+01,   3.428751e-03,   4.598553e+00,   1.040102e+01
  4.423783e+03,   5.292000e+00,   1.439598e+02,   1.088132e+01,   3.473071e-03,   4.665042e+00,   1.049634e+01
  4.446546e+03,   5.314000e+00,   1.473462e+02,   1.119492e+01,   3.518060e-03,   4.731788e+00,   1.059171e+01
  4.469196e+03,   5.336000e+00,   1.507790e+02,   1.151423e+01,   3.563730e-03,   4.798794e+00,   1.068713e+01
  4.491738e+03,   5.358000e+00,   1.542588e+02,   1.183931e+01,   3.610092e-03,   4.866066e+00,   1.078262e+01
  4.516911e+03,   5.380000e+00,   1.577869e+02,   1.217030e+01,   3.657212e-03,   4.933617e+00,   1.087822e+01
  4.542937e+03,   5.402000e+00,   1.613582e+02,   1.250684e+01,   3.704930e-03,   5.001364e+00,   1.097375e+01
  4.588593e+03,   5.424000e+00,   1.649454e+02,   1.284680e+01,   3.752733e-03,   5.068883e+00,   1.106829e+01
  4.755993e+03,   5.446000e+00,   1.684184e+02,   1.318002e+01,   3.797473e-03,   5.134200e+00,   1.115756e+01
  4.926782e+03,   5.468000e+00,   1.719469e+02,   1.351966e+01,   3.841649e-03,   5.199932e+00,   1.124732e+01
  5.101026e+03,   5.490000e+00,   1.755316e+02,   1.386584e+01,   3.885287e-03,   5.266084e+00,   1.133757e+01
  5.278788e+03,   5.512000e+00,   1.791734e+02,   1.421864e+01,   3.928408e-03,   5.332659e+00,   1.142831e+01
  5.460133e+03,   5.534000e+00,   1.828731e+02,   1.457819e+01,   3.971032e-03,   5.399662e+00,   1.151956e+01
  5.645126e+03,   5.556000e+00,   1.866317e+02,   1.494458e+01,   4.013181e-03,   5.467096e+00,   1.161131e+01
  5.833837e+03,   5.578000e+00,   1.904500e+02,   1.531794e+01,   4.054878e-03,   5.534965e+00,   1.170358e+01
  6.026331e+03,   5.600000e+00,   1.943290e+02,   1.569836e+01,   4.096139e-03,   5.603274e+00,   1.179637e+01
  6.222676e+03,   5.622000e+00,   1.982697e+02,   1.608596e+01,   4.136980e-03,   5.672027e+00,   1.188969e+01
  6.422940e+03,   5.644000e+00,   2.022729e+02,   1.648087e+01,   4.177416e-03,   5.741229e+00,   1.198354e+01
  6.627194e+03,   5.666000e+00,   2.063396e+02,   1.688320e+01,   4.217464e-03,   5.810883e+00,   1.207794e+01
  6.835508e+03,   5.688000e+00,   2.104709e+02,   1.729307e+01,   4.257136e-03,   5.880995e+00,   1.217289e+01
  7.047953e+03,   5.710000e+00,   2.146677e+02,   1.771060e+01,   4.296448e-03,   5.951569e+00,   1.226840e+01
  7.264596e+03,   5.732000e+00,   2.189312e+02,   1.813592e+01,   4.335404e-03,   6.022609e+00,   1.236447e+01
  7.485514e+03,   5.754000e+00,   2.232622e+02,   1.856916e+01,   4.374026e-03,   6.094120e+00,   1.246111e+01
  7.710774e+03,   5.776000e+00,   2.276620e+02,   1.901045e+01,   4.412315e-03,   6.166106e+00,   1.255833e+01
  7.940449e+03,   5.798000e+00,   2.321315e+02,   1.945991e+01,   4.450286e-03,   6.238573e+00,   1.265614e+01
  8.174610e+03,   5.820000e+00,   2.366718e+02,   1.991769e+01,   4.487949e-03,   6.311525e+00,   1.275454e+01
  8.413329e+03,   5.842000e+00,   2.412841e+02,   2.038391e+01,   4.525309e-03,   6.384965e+00,   1.285354e+01
  8.656676e+03,   5.864000e+00,   2.459695e+02,   2.085871e+01,   4.562376e-03,   6.458900e+00,   1.295314e+01
  8.904722e+03,   5.886000e+00,   2.507290e+02,   2.134224e+01,   4.599158e-03,   6.533333e+00,   1.305336e+01
  9.157538e+03,   5.908000e+00,   2.555639e+02,   2.183463e+01,   4.635662e-03,   6.608269e+00,   1.315420e+01
  9.415194e+03,   5.930000e+00,   2.604752e+02,   2.233602e+01,   4.671895e-03,   6.683712e+00,   1.325566e+01
  9.677757e+03,   5.952000e+00,   2.654642e+02,   2.284656e+01,   4.707863e-03,   6.759666e+00,   1.335775e+01
  9.945300e+03,   5.974000e+00,   2.705320e+02,   2.336640e+01,   4.743573e-03,   6.836137e+00,   1.346047e+01
  1.021788e+04,   5.996000e+00,   2.756797e+02,   2.389568e+01,   4.779019e-03,   6.913126e+00,   1.356384e+01
  1.049559e+04,   6.018000e+00,   2.809086e+02,   2.443455e+01,   4.814236e-03,   6.990641e+00,   1.366786e+01
  1.077846e+04,   6.040000e+00,   2.862199e+02,   2.498316e+01,   4.849194e-03,   7.068684e+00,   1.377253e+01
  1.106659e+04,   6.062000e+00,   2.916148e+02,   2.554168e+01,   4.883922e-03,   7.147259e+00,   1.387786e+01
  1.136003e+04,   6.084000e+00,   2.970946e+02,   2.611024e+01,   4.918420e-03,   7.226372e+00,   1.398386e+01
  1.165886e+04,   6.106000e+00,   3.026604e+02,   2.668902e+01,   4.952691e-03,   7.306025e+00,   1.409052e+01
  1.196313e+04,   6.128000e+00,   3.083136e+02,   2.727816e+01,   4.986741e-03,   7.386223e+00,   1.419786e+01
  1.227292e+04,   6.150000e+00,   3.140554e+02,   2.787784e+01,   5.020574e-03,   7.466970e+00,   1.430588e+01
  1.258828e+04,   6.172000e+00,   3.198872e+02,   2.848820e+01,   5.054196e-03,   7.548269e+00,   1.441458e+01
  1.290929e+04,   6.194000e+00,   3.258101e+02,   2.910943e+01,   5.087604e-03,   7.630126e+00,   1.452397e+01
  1.323598e+04,   6.216000e+00,   3.318255e+02,   2.974167e+01,   5.120799e-03,   7.712542e+00,   1.463405e+01
  1.356847e+04,   6.238000e+00,   3.379348e+02,   3.038512e+01,   5.153800e-03,   7.795525e+00,   1.474484e+01
  1.390679e+04,   6.260000e+00,   3.441393e+02,   3.103994e+01,   5.186610e-03,   7.879076e+00,   1.485633e+01
  1.425100e+04,   6.282000e+00,   3.504403e+02,   3.170629e+01,   5.219212e-03,   7.963199e+00,   1.496853e+01
  1.460120e+04,   6.304000e+00,   3.568395e+02,   3.238437e+01,   5.251641e-03,   8.047901e+00,   1.508144e+01
  1.495739e+04,   6.326000e+00,   3.633379e+02,   3.307434e+01,   5.283866e-03,   8.133182e+00,   1.519507e+01
  1.531971e+04,   6.348000e+00,   3.699371e+02,   3.377640e+01,   5.315921e-03,   8.219049e+00,   1.530943e+01
  1.568818e+04,   6.370000e+00,   3.766387e+02,   3.449073e+01,   5.347796e-03,   8.305506e+00,   1.542451e+01
  1.606288e+04,   6.392000e+00,   3.834439e+02,   3.521751e+01,   5.379490e-03,   8.392555e+00,   1.554033e+01
  1.644387e+04,   6.414000e+00,   3.903544e+02,   3.595694e+01,   5.411017e-03,   8.480203e+00,   1.565689e+01
  1.683123e+04,   6.436000e+00,   3.973717e+02,   3.670922e+01,   5.442377e-03,   8.568454e+00,   1.577419e+01
  1.722501e+04,   6.458000e+00,   4.044973e+02,   3.747453e+01,   5.473572e-03,   8.657310e+00,   1.589224e+01
  1.762530e+04,   6.480000e+00,   4.117327e+02,   3.825308e+01,   5.504606e-03,   8.746778e+00,   1.601105e+01
  1.803214e+04,   6.502000e+00,   4.190796e+02,   3.904507e+01,   5.535481e-03,   8.836861e+00,   1.613062e+01
  1.844562e+04,   6.524000e+00,   4.265395e+02,   3.985071e+01,   5.566202e-03,   8.927564e+00,   1.625096e+01
  1.886581e+04,   6.546000e+00,   4.341142e+02,   4.067022e+01,   5.596774e-03,   9.018891e+00,   1.637206e+01
  1.929278e+04,   6.568000e+00,   4.418054e+02,   4.150381e+01,   5.627201e-03,   9.110849e+00,   1.649395e+01
  1.972659e+04,   6.590000e+00,   4.496146e+02,   4.235167e+01,   5.657478e-03,   9.203440e+00,   1.661662e+01
  2.016470e+04,   6.612000e+00,   4.575288e+02,   4.321267e+01,   5.686772e-03,   9.296521e+00,   1.673981e+01
  2.060712e+04,   6.634000e+00,   4.655492e+02,   4.408692e+01,   5.715093e-03,   9.390091e+00,   1.686353e+01
  2.105912e+04,   6.656000e+00,   4.737070e+02,   4.497746e+01,   5.744111e-03,   9.484455e+00,   1.698830e+01
  2.152092e+04,   6.678000e+00,   4.820051e+02,   4.588463e+01,   5.773841e-03,   9.579625e+00,   1.711416e+01
  2.199274e+04,   6.700000e+00,   4.904465e+02,   4.680880e+01,   5.804299e-03,   9.675616e+00,   1.724112e+01
  2.247482e+04,   6.722000e+00,   4.990345e+02,   4.775032e+01,   5.835503e-03,   9.772441e+00,   1.736921e+01
  2.295631e+04,   6.744000e+00,   5.077072e+02,   4.870337e+01,   5.864309e-03,   9.869484e+00,   1.749732e+01
  2.344210e+04,   6.766000e+00,   5.164941e+02,   4.967079e+01,   5.892085e-03,   9.967023e+00,   1.762595e+01
  2.393834e+04,   6.788000e+00,   5.254326e+02,   5.065625e+01,   5.920541e-03,   1.006541e+01,   1.775572e+01
  2.444530e+04,   6.810000e+00,   5.345264e+02,   5.166016e+01,   5.949693e-03,   1.016466e+01,   1.788665e+01
  2.496321e+04,   6.832000e+00,   5.437786e+02,   5.268292e+01,   5.979556e-03,   1.026478e+01,   1.801876e+01
  2.549235e+04,   6.854000e+00,   5.531930e+02,   5.372496e+01,   6.010148e-03,   1.036580e+01,   1.815207e+01
  2.601862e+04,   6.876000e+00,   5.626870e+02,   5.477834e+01,   6.038035e-03,   1.046693e+01,   1.828522e+01
  2.655047e+04,   6.898000e+00,   5.723119e+02,   5.584806e+01,   6.065223e-03,   1.056864e+01,   1.841901e+01
  2.709373e+04,   6.920000e+00,   5.821045e+02,   5.693780e+01,   6.093075e-03,   1.067125e+01,   1.855403e+01
  2.764867e+04,   6.942000e+00,   5.920686e+02,   5.804799e+01,   6.121607e-03,   1.077478e+01,   1.869029e+01
  2.821558e+04,   6.964000e+00,   6.022080e+02,   5.917912e+01,   6.150833e-03,   1.087926e+01,   1.882782e+01
  2.879473e+04,   6.986000e+00,   6.125269e+02,   6.033165e+01,   6.180772e-03,   1.098468e+01,   1.896663e+01
  2.937306e+04,   7.008000e+00,   6.229478e+02,   6.149804e+01,   6.208667e-03,   1.109036e+01,   1.910551e+01
  2.995424e+04,   7.030000e+00,   6.334939e+02,   6.268060e+01,   6.235262e-03,   1.119648e+01,   1.924481e+01
  3.054786e+04,   7.052000e+00,   6.442255e+02,   6.388538e+01,   6.262505e-03,   1.130357e+01,   1.938540e+01
  3.115422e+04,   7.074000e+00,   6.551470e+02,   6.511288e+01,   6.290412e-03,   1.141165e+01,   1.952733e+01
  3.177363e+04,   7.096000e+00,   6.662627e+02,   6.636363e+01,   6.318998e-03,   1.152073e+01,   1.967062e+01
  3.240641e+04,   7.118000e+00,   6.775771e+02,   6.763818e+01,   6.348280e-03,   1.163083e+01,   1.981529e+01
  3.304623e+04,   7.140000e+00,   6.890543e+02,   6.893301e+01,   6.377058e-03,   1.174163e+01,   1.996078e+01
  3.368098e+04,   7.162000e+00,   7.006215e+02,   7.024090e+01,   6.403095e-03,   1.185250e+01,   2.010602e+01
  3.432932e+04,   7.184000e+00,   7.123944e+02,   7.157351e+01,   6.429766e-03,   1.196440e+01,   2.025266e+01
  3.499157e+04,   7.206000e+00,   7.243781e+02,   7.293141e+01,   6.457088e-03,   1.207737e+01,   2.040073e+01
  3.566808e+04,   7.228000e+00,   7.365773e+02,   7.431521e+01,   6.485077e-03,   1.219141e+01,   2.055025e+01
  3.635921e+04,   7.250000e+00,   7.489974e+02,   7.572553e+01,   6.513747e-03,   1.230654e+01,   2.070126e+01
  3.706532e+04,   7.272000e+00,   7.616436e+02,   7.716300e+01,   6.543117e-03,   1.242280e+01,   2.085379e+01
  3.776571e+04,   7.294000e+00,   7.743933e+02,   7.861528e+01,   6.569728e-03,   1.253916e+01,   2.100612e+01
  3.847464e+04,   7.316000e+00,   7.873340e+02,   8.009130e+01,   6.595913e-03,   1.265633e+01,   2.115943e+01
  3.919882e+04,   7.338000e+00,   8.005095e+02,   8.159560e+01,   6.622738e-03,   1.277463e+01,   2.131429e+01
  3.993866e+04,   7.360000e+00,   8.139255e+02,   8.312886e+01,   6.650221e-03,   1.289409e+01,   2.147071e+01
  4.069453e+04,   7.382000e+00,   8.275879e+02,   8.469181e+01,   6.678376e-03,   1.301474e+01,   2.162874e+01
  4.146686e+04,   7.404000e+00,   8.415029e+02,   8.628516e+01,   6.707221e-03,   1.313660e+01,   2.178839e+01
  4.225264e+04,   7.426000e+00,   8.556566e+02,   8.790763e+01,   6.736247e-03,   1.325953e+01,   2.194946e+01
  4.303010e+04,   7.448000e+00,   8.699238e+02,   8.954641e+01,   6.762075e-03,   1.338256e+01,   2.211031e+01
  4.382441e+04,   7.470000e+00,   8.844545e+02,   9.121701e+01,   6.788539e-03,   1.350681e+01,   2.227282e+01
  4.463599e+04,   7.492000e+00,   8.992552e+02,   9.292021e+01,   6.815655e-03,   1.363233e+01,   2.243704e+01
  4.546530e+04,   7.514000e+00,   9.143327e+02,   9.465683e+01,   6.843440e-03,   1.375913e+01,   2.260299e+01
  4.631281e+04,   7.536000e+00,   9.296942e+02,   9.642774e+01,   6.871912e-03,   1.388724e+01,   2.277072e+01
  4.717898e+04,   7.558000e+00,   9.453468e+02,   9.823380e+01,   6.901087e-03,   1.401669e+01,   2.294026e+01
  4.805378e+04,   7.580000e+00,   9.612404e+02,   1.000699e+02,   6.929426e-03,   1.414708e+01,   2.311096e+01
  4.892916e+04,   7.602000e+00,   9.773333e+02,   1.019318e+02,   6.955706e-03,   1.427808e+01,   2.328228e+01
  4.982379e+04,   7.624000e+00,   9.937321e+02,   1.038308e+02,   6.982640e-03,   1.441046e+01,   2.345546e+01
  5.073820e+04,   7.646000e+00,   1.010445e+03,   1.057677e+02,   7.010246e-03,   1.454425e+01,   2.363055e+01
  5.167291e+04,   7.668000e+00,   1.027479e+03,   1.077435e+02,   7.038542e-03,   1.467948e+01,   2.380758e+01
  5.262849e+04,   7.690000e+00,   1.044845e+03,   1.097594e+02,   7.067546e-03,   1.481617e+01,   2.398659e+01
  5.360549e+04,   7.712000e+00,   1.062550e+03,   1.118164e+02,   7.097278e-03,   1.495435e+01,   2.416764e+01
  5.458910e+04,   7.734000e+00,   1.080529e+03,   1.139077e+02,   7.125477e-03,   1.509355e+01,   2.434992e+01
  5.558168e+04,   7.756000e+00,   1.098798e+03,   1.160351e+02,   7.152452e-03,   1.523385e+01,   2.453358e+01
  5.659659e+04,   7.778000e+00,   1.117427e+03,   1.182060e+02,   7.180111e-03,   1.537570e+01,   2.471934e+01
  5.763443e+04,   7.800000e+00,   1.136425e+03,   1.204218e+02,   7.208472e-03,   1.551913e+01,   2.490725e+01
  5.869586e+04,   7.822000e+00,   1.155803e+03,   1.226836e+02,   7.237555e-03,   1.566420e+01,   2.509737e+01
  5.978155e+04,   7.844000e+00,   1.175571e+03,   1.249927e+02,   7.267380e-03,   1.581092e+01,   2.528974e+01
  6.089219e+04,   7.866000e+00,   1.195741e+03,   1.273504e+02,   7.297969e-03,   1.595935e+01,   2.548441e+01
  6.200958e+04,   7.888000e+00,   1.216254e+03,   1.297507e+02,   7.326400e-03,   1.610905e+01,   2.568071e+01
  6.314510e+04,   7.910000e+00,   1.237158e+03,   1.321989e+02,   7.354380e-03,   1.626031e+01,   2.587909e+01
  6.430691e+04,   7.932000e+00,   1.258492e+03,   1.346992e+02,   7.383086e-03,   1.641336e+01,   2.607988e+01
  6.549579e+04,   7.954000e+00,   1.280268e+03,   1.372532e+02,   7.412539e-03,   1.656823e+01,   2.628315e+01
  6.671253e+04,   7.976000e+00,   1.302500e+03,   1.398624e+02,   7.442762e-03,   1.672497e+01,   2.648895e+01
  6.795796e+04,   7.998000e+00,   1.325199e+03,   1.425284e+02,   7.473778e-03,   1.688362e+01,   2.669735e+01
  6.923297e+04,   8.020000e+00,   1.348381e+03,   1.452529e+02,   7.505609e-03,   1.704423e+01,   2.690841e+01
  7.051674e+04,   8.042000e+00,   1.372026e+03,   1.480340e+02,   7.534471e-03,   1.720662e+01,   2.712185e+01
  7.182970e+04,   8.064000e+00,   1.396176e+03,   1.508765e+02,   7.563843e-03,   1.737104e+01,   2.733802e+01
  7.317422e+04,   8.086000e+00,   1.420849e+03,   1.537824e+02,   7.594003e-03,   1.753752e+01,   2.755702e+01
  7.455130e+04,   8.108000e+00,   1.446060e+03,   1.567537e+02,   7.624974e-03,   1.770614e+01,   2.777890e+01
  7.596196e+04,   8.130000e+00,   1.471827e+03,   1.597925e+02,   7.656783e-03,   1.787694e+01,   2.800376e+01
  7.740727e+04,   8.152000e+00,   1.498167e+03,   1.629008e+02,   7.689455e-03,   1.804997e+01,   2.823165e+01
  7.888354e+04,   8.174000e+00,   1.525111e+03,   1.660823e+02,   7.721943e-03,   1.822538e+01,   2.846280e+01
  8.038321e+04,   8.196000e+00,   1.552702e+03,   1.693419e+02,   7.752352e-03,   1.840336e+01,   2.869748e+01
  8.192041e+04,   8.218000e+00,   1.580922e+03,   1.726777e+02,   7.783606e-03,   1.858374e+01,   2.893543e+01
  8.349637e+04,   8.240000e+00,   1.609791e+03,   1.760925e+02,   7.815732e-03,   1.876659e+01,   2.917674e+01
  8.511239e+04,   8.262000e+00,   1.639330e+03,   1.795886e+02,   7.848761e-03,   1.895197e+01,   2.942149e+01
  8.676981e+04,   8.284000e+00,   1.669563e+03,   1.831689e+02,   7.882722e-03,   1.913995e+01,   2.966979e+01
  8.847005e+04,   8.306000e+00,   1.700512e+03,   1.868362e+02,   7.917646e-03,   1.933061e+01,   2.992174e+01
  9.020609e+04,   8.328000e+00,   1.732329e+03,   1.906075e+02,   7.950465e-03,   1.952473e+01,   3.017853e+01
  9.198507e+04,   8.350000e+00,   1.764955e+03,   1.944765e+02,   7.983272e-03,   1.972189e+01,   3.043952e+01
  9.381119e+04,   8.372000e+00,   1.798380e+03,   1.984425e+02,   8.017037e-03,   1.992197e+01,   3.070448e+01
  9.568612e+04,   8.394000e+00,   1.832630e+03,   2.025087e+02,   8.051794e-03,   2.012504e+01,   3.097352e+01
  9.761164e+04,   8.416000e+00,   1.867736e+03,   2.066788e+02,   8.087581e-03,   2.033120e+01,   3.124678e+01
  9.958959e+04,   8.438000e+00,   1.903729e+03,   2.109566e+02,   8.124433e-03,   2.054052e+01,   3.152436e+01
  1.016176e+05,   8.460000e+00,   1.940768e+03,   2.153600e+02,   8.160398e-03,   2.075379e+01,   3.180745e+01
  1.036975e+05,   8.482000e+00,   1.978907e+03,   2.198955e+02,   8.195278e-03,   2.097119e+01,   3.209630e+01
  1.058362e+05,   8.504000e+00,   2.018049e+03,   2.245526e+02,   8.231235e-03,   2.119210e+01,   3.238994e+01
  1.080360e+05,   8.526000e+00,   2.058231e+03,   2.293360e+02,   8.268310e-03,   2.141663e+01,   3.268854e+01
  1.102993e+05,   8.548000e+00,   2.099494e+03,   2.342506e+02,   8.306547e-03,   2.164489e+01,   3.299225e+01
  1.126286e+05,   8.570000e+00,   2.141881e+03,   2.393016e+02,   8.345991e-03,   2.187700e+01,   3.330122e+01
  1.149940e+05,   8.592000e+00,   2.185341e+03,   2.444837e+02,   8.384567e-03,   2.211260e+01,   3.361492e+01
  1.173914e+05,   8.614000e+00,   2.229916e+03,   2.498018e+02,   8.421689e-03,   2.235181e+01,   3.393347e+01
  1.198655e+05,   8.636000e+00,   2.275784e+03,   2.552767e+02,   8.460054e-03,   2.259543e+01,   3.425809e+01
  1.224197e+05,   8.658000e+00,   2.323003e+03,   2.609149e+02,   8.499715e-03,   2.284360e+01,   3.458899e+01
  1.250574e+05,   8.680000e+00,   2.371630e+03,   2.667238e+02,   8.540729e-03,   2.309648e+01,   3.492639e+01
  1.277825e+05,   8.702000e+00,   2.421729e+03,   2.727109e+02,   8.583156e-03,   2.335427e+01,   3.527053e+01
  1.303708e+05,   8.724000e+00,   2.471483e+03,   2.786718e+02,   8.622906e-03,   2.360812e+01,   3.560810e+01
  1.328514e+05,   8.746000e+00,   2.521108e+03,   2.846307e+02,   8.660517e-03,   2.385920e+01,   3.594084e+01
  1.354087e+05,   8.768000e+00,   2.572142e+03,   2.907614e+02,   8.699357e-03,   2.411478e+01,   3.627975e+01
  1.380459e+05,   8.790000e+00,   2.624645e+03,   2.970710e+02,   8.739479e-03,   2.437503e+01,   3.662504e+01
  1.407665e+05,   8.812000e+00,   2.678680e+03,   3.035673e+02,   8.780936e-03,   2.464010e+01,   3.697694e+01
  1.435741e+05,   8.834000e+00,   2.734312e+03,   3.102584e+02,   8.823787e-03,   2.491017e+01,   3.733568e+01
  1.464462e+05,   8.856000e+00,   2.791432e+03,   3.171322e+02,   8.867338e-03,   2.518461e+01,   3.770028e+01
  1.492150e+05,   8.878000e+00,   2.848898e+03,   3.240594e+02,   8.906770e-03,   2.545818e+01,   3.806293e+01
  1.520689e+05,   8.900000e+00,   2.908026e+03,   3.311900e+02,   8.947504e-03,   2.573674e+01,   3.843238e+01
  1.550119e+05,   8.922000e+00,   2.968888e+03,   3.385328e+02,   8.989597e-03,   2.602048e+01,   3.880889e+01
  1.580482e+05,   8.944000e+00,   3.031568e+03,   3.460978e+02,   9.033116e-03,   2.630961e+01,   3.919273e+01
  1.611819e+05,   8.966000e+00,   3.096144e+03,   3.538949e+02,   9.078122e-03,   2.660432e+01,   3.958419e+01
  1.644175e+05,   8.988000e+00,   3.162703e+03,   3.619344e+02,   9.124684e-03,   2.690481e+01,   3.998354e+01
  1.675095e+05,   9.010000e+00,   3.228723e+03,   3.699281e+02,   9.167041e-03,   2.720030e+01,   4.037474e+01
  1.705877e+05,   9.032000e+00,   3.295574e+03,   3.780330e+02,   9.208189e-03,   2.749665e+01,   4.076654e+01
  1.737688e+05,   9.054000e+00,   3.364516e+03,   3.863938e+02,   9.250814e-03,   2.779906e+01,   4.116661e+01
  1.770578e+05,   9.076000e+00,   3.435647e+03,   3.950227e+02,   9.294988e-03,   2.810775e+01,   4.157528e+01
  1.804598e+05,   9.098000e+00,   3.509073e+03,   4.039326e+02,   9.340782e-03,   2.842297e+01,   4.199288e+01
  1.839803e+05,   9.120000e+00,   3.584905e+03,   4.131369e+02,   9.388276e-03,   2.874498e+01,   4.241977e+01
  1.875647e+05,   9.142000e+00,   3.662402e+03,   4.225511e+02,   9.436505e-03,   2.907064e+01,   4.285131e+01
  1.904957e+05,   9.164000e+00,   3.731328e+03,   4.309934e+02,   9.473040e-03,   2.935961e+01,   4.322806e+01
  1.935191e+05,   9.186000e+00,   3.802237e+03,   4.396807e+02,   9.510794e-03,   2.965403e+01,   4.361222e+01
  1.966387e+05,   9.208000e+00,   3.875216e+03,   4.486238e+02,   9.549820e-03,   2.995409e+01,   4.400403e+01
  1.998590e+05,   9.230000e+00,   3.950356e+03,   4.578338e+02,   9.590174e-03,   3.026000e+01,   4.440378e+01
  2.031846e+05,   9.252000e+00,   4.027756e+03,   4.673231e+02,   9.631916e-03,   3.057198e+01,   4.481179e+01
  2.066197e+05,   9.274000e+00,   4.107513e+03,   4.771035e+02,   9.675106e-03,   3.089024e+01,   4.522830e+01
  2.101694e+05,   9.296000e+00,   4.189733e+03,   4.871882e+02,   9.719810e-03,   3.121500e+01,   4.565366e+01
  2.136302e+05,   9.318000e+00,   4.272487e+03,   4.973536e+02,   9.762589e-03,   3.153898e+01,   4.607717e+01
  2.169400e+05,   9.340000e+00,   4.355084e+03,   5.075190e+02,   9.802487e-03,   3.185966e+01,   4.649519e+01
  2.203406e+05,   9.362000e+00,   4.439889e+03,   5.179602e+02,   9.843595e-03,   3.218572e+01,   4.692038e+01
  2.238355e+05,   9.384000e+00,   4.526988e+03,   5.286882e+02,   9.885960e-03,   3.251732e+01,   4.735297e+01
  2.274287e+05,   9.406000e+00,   4.616475e+03,   5.397142e+02,   9.929632e-03,   3.285466e+01,   4.779321e+01
  2.311240e+05,   9.428000e+00,   4.708445e+03,   5.510505e+02,   9.974663e-03,   3.319791e+01,   4.824135e+01
  2.349258e+05,   9.450000e+00,   4.803000e+03,   5.627098e+02,   1.002111e-02,   3.354727e+01,   4.869765e+01
  2.388384e+05,   9.472000e+00,   4.900249e+03,   5.747055e+02,   1.006903e-02,   3.390296e+01,   4.916241e+01
  2.430594e+05,   9.494000e+00,   5.004999e+03,   5.876028e+02,   1.011717e-02,   3.428127e+01,   4.965920e+01
  2.475200e+05,   9.516000e+00,   5.115566e+03,   6.012066e+02,   1.016625e-02,   3.467583e+01,   5.017871e+01
  2.521276e+05,   9.538000e+00,   5.229690e+03,   6.152529e+02,   1.021708e-02,   3.507856e+01,   5.070921e+01
  2.568892e+05,   9.560000e+00,   5.347543e+03,   6.297629e+02,   1.026975e-02,   3.548980e+01,   5.125113e+01
  2.618124e+05,   9.582000e+00,   5.469306e+03,   6.447593e+02,   1.032433e-02,   3.590987e+01,   5.180493e+01
  2.669052e+05,   9.604000e+00,   5.595173e+03,   6.602662e+02,   1.038092e-02,   3.633913e+01,   5.237110e+01
  2.721635e+05,   9.626000e+00,   5.725253e+03,   6.762977e+02,   1.043940e-02,   3.677765e+01,   5.294969e+01
  2.771866e+05,   9.648000e+00,   5.856538e+03,   6.924995e+02,   1.049241e-02,   3.721557e+01,   5.352651e+01
  2.823911e+05,   9.670000e+00,   5.992403e+03,   7.092711e+02,   1.054745e-02,   3.766354e+01,   5.411685e+01
  2.877883e+05,   9.692000e+00,   6.133117e+03,   7.266461e+02,   1.060463e-02,   3.812207e+01,   5.472143e+01
  2.933887e+05,   9.714000e+00,   6.278943e+03,   7.446570e+02,   1.066407e-02,   3.859163e+01,   5.534088e+01
  2.992032e+05,   9.736000e+00,   6.430160e+03,   7.633387e+02,   1.072589e-02,   3.907272e+01,   5.597587e+01
  3.052440e+05,   9.758000e+00,   6.587069e+03,   7.827284e+02,   1.079023e-02,   3.956585e+01,   5.662710e+01
  3.103792e+05,   9.780000e+00,   6.727810e+03,   8.002278e+02,   1.084321e-02,   4.000569e+01,   5.720112e+01
  3.147668e+05,   9.802000e+00,   6.855313e+03,   8.161801e+02,   1.088680e-02,   4.040248e+01,   5.771278e+01
  3.193180e+05,   9.824000e+00,   6.987239e+03,   8.326851e+02,   1.093215e-02,   4.080895e+01,   5.823752e+01
  3.240414e+05,   9.846000e+00,   7.123825e+03,   8.497724e+02,   1.097935e-02,   4.122554e+01,   5.877594e+01
  3.289465e+05,   9.868000e+00,   7.265323e+03,   8.674738e+02,   1.102849e-02,   4.165270e+01,   5.932865e+01
  3.340433e+05,   9.890000e+00,   7.412009e+03,   8.858233e+02,   1.107970e-02,   4.209093e+01,   5.989631e+01
  3.393428e+05,   9.912000e+00,   7.564174e+03,   9.048577e+02,   1.113307e-02,   4.254075e+01,   6.047962e+01
  3.448567e+05,   9.934000e+00,   7.722135e+03,   9.246163e+02,   1.118875e-02,   4.300270e+01,   6.107933e+01
  3.500967e+05,   9.956000e+00,   7.876185e+03,   9.439376e+02,   1.124085e-02,   4.344969e+01,   6.165694e+01
  3.543819e+05,   9.978000e+00,   8.012398e+03,   9.611495e+02,   1.128127e-02,   4.384403e+01,   6.215910e+01
  3.587786e+05,   1.000000e+01,   8.152034e+03,   9.787987e+02,   1.132284e-02,   4.424474e+01,   6.266961e+01
  4.035582e+05,   1.020000e+01,   9.592652e+03,   1.161175e+03,   1.174849e-02,   4.819077e+01,   6.770604e+01
