  Hugoniot 
  Temperature,    Density,        Pressure,       Int. Energy,    Sp. Entropy,    Part. Vel.,     Shock Vel. 
  K,              g/cm3,          GPa,            MJ/kg,          MJ/K/kg,        km/s,           km/s
  2.980000e+02,   3.350000e+00,   1.470848e-04,   5.218884e-02,   2.233972e-04,   0.000000e+00,   5.336470e+00
  2.983713e+02,   3.355000e+00,   1.429470e-01,   5.222067e-02,   2.233967e-04,   7.970404e-03,   5.348141e+00
  2.987431e+02,   3.360000e+00,   2.864135e-01,   5.231613e-02,   2.233978e-04,   1.594752e-02,   5.358366e+00
  2.991110e+02,   3.365000e+00,   4.303899e-01,   5.247529e-02,   2.233956e-04,   2.392696e-02,   5.367614e+00
  2.994739e+02,   3.370000e+00,   5.748803e-01,   5.269819e-02,   2.233891e-04,   3.190882e-02,   5.376637e+00
  2.998384e+02,   3.375000e+00,   7.198888e-01,   5.298490e-02,   2.233863e-04,   3.989322e-02,   5.385584e+00
  3.002047e+02,   3.380000e+00,   8.654192e-01,   5.333549e-02,   2.233879e-04,   4.788023e-02,   5.394506e+00
  3.005734e+02,   3.385000e+00,   1.011476e+00,   5.375002e-02,   2.233944e-04,   5.586997e-02,   5.403424e+00
  3.009447e+02,   3.390000e+00,   1.158062e+00,   5.422857e-02,   2.234068e-04,   6.386252e-02,   5.412349e+00
  3.013192e+02,   3.395000e+00,   1.305182e+00,   5.477121e-02,   2.234256e-04,   7.185800e-02,   5.421287e+00
  3.016970e+02,   3.400000e+00,   1.452841e+00,   5.537801e-02,   2.234515e-04,   7.985648e-02,   5.430241e+00
  3.034111e+02,   3.422000e+00,   2.109029e+00,   5.881239e-02,   2.236686e-04,   1.150880e-01,   5.469876e+00
  3.052352e+02,   3.444000e+00,   2.776046e+00,   6.349824e-02,   2.240991e-04,   1.503875e-01,   5.509942e+00
  3.072065e+02,   3.466000e+00,   3.454222e+00,   6.944417e-02,   2.248058e-04,   1.857626e-01,   5.550457e+00
  3.093397e+02,   3.488000e+00,   4.143887e+00,   7.665981e-02,   2.258255e-04,   2.212204e-01,   5.591426e+00
  3.115987e+02,   3.510000e+00,   4.845368e+00,   8.515573e-02,   2.271396e-04,   2.567680e-01,   5.632847e+00
  3.141118e+02,   3.532000e+00,   5.558985e+00,   9.494345e-02,   2.289125e-04,   2.924118e-01,   5.674718e+00
  3.169212e+02,   3.554000e+00,   6.285058e+00,   1.060353e-01,   2.312095e-04,   3.281584e-01,   5.717034e+00
  3.200099e+02,   3.576000e+00,   7.023902e+00,   1.184446e-01,   2.340289e-04,   3.640137e-01,   5.759792e+00
  3.233681e+02,   3.598000e+00,   7.775833e+00,   1.321853e-01,   2.373797e-04,   3.999836e-01,   5.802988e+00
  3.271362e+02,   3.620000e+00,   8.541159e+00,   1.472722e-01,   2.414373e-04,   4.360737e-01,   5.846617e+00
  3.312395e+02,   3.642000e+00,   9.320191e+00,   1.637209e-01,   2.461305e-04,   4.722892e-01,   5.890676e+00
  3.357434e+02,   3.664000e+00,   1.011323e+01,   1.815476e-01,   2.515528e-04,   5.086353e-01,   5.935159e+00
  3.406828e+02,   3.686000e+00,   1.092059e+01,   2.007691e-01,   2.577552e-04,   5.451170e-01,   5.980063e+00
  3.460354e+02,   3.708000e+00,   1.174257e+01,   2.214031e-01,   2.647278e-04,   5.817388e-01,   6.025384e+00
  3.518433e+02,   3.730000e+00,   1.257946e+01,   2.434677e-01,   2.725280e-04,   6.185052e-01,   6.071117e+00
  3.581535e+02,   3.752000e+00,   1.343156e+01,   2.669817e-01,   2.812274e-04,   6.554206e-01,   6.117259e+00
  3.648656e+02,   3.774000e+00,   1.429918e+01,   2.919644e-01,   2.907058e-04,   6.924891e-01,   6.163807e+00
  3.721005e+02,   3.796000e+00,   1.518261e+01,   3.184357e-01,   3.011213e-04,   7.297146e-01,   6.210755e+00
  3.798450e+02,   3.818000e+00,   1.608214e+01,   3.464161e-01,   3.124646e-04,   7.671008e-01,   6.258100e+00
  3.880767e+02,   3.840000e+00,   1.699806e+01,   3.759264e-01,   3.247084e-04,   8.046515e-01,   6.305840e+00
  3.967791e+02,   3.862000e+00,   1.793066e+01,   4.069882e-01,   3.378268e-04,   8.423699e-01,   6.353970e+00
  4.059960e+02,   3.884000e+00,   1.888025e+01,   4.396233e-01,   3.518773e-04,   8.802596e-01,   6.402487e+00
  4.157256e+02,   3.906000e+00,   1.984709e+01,   4.738542e-01,   3.668532e-04,   9.183235e-01,   6.451388e+00
  4.259689e+02,   3.928000e+00,   2.083149e+01,   5.097035e-01,   3.827488e-04,   9.565649e-01,   6.500670e+00
  4.367294e+02,   3.950000e+00,   2.183374e+01,   5.471947e-01,   3.995591e-04,   9.949866e-01,   6.550329e+00
  4.480124e+02,   3.972000e+00,   2.285411e+01,   5.863513e-01,   4.172803e-04,   1.033591e+00,   6.600362e+00
  4.597848e+02,   3.994000e+00,   2.389289e+01,   6.271976e-01,   4.358404e-04,   1.072382e+00,   6.650767e+00
  4.720836e+02,   4.016000e+00,   2.495038e+01,   6.697579e-01,   4.552816e-04,   1.111361e+00,   6.701541e+00
  4.849238e+02,   4.038000e+00,   2.602686e+01,   7.140572e-01,   4.756093e-04,   1.150531e+00,   6.752681e+00
  4.983094e+02,   4.060000e+00,   2.712262e+01,   7.601207e-01,   4.968079e-04,   1.189894e+00,   6.804184e+00
  5.121947e+02,   4.082000e+00,   2.823794e+01,   8.079742e-01,   5.187644e-04,   1.229453e+00,   6.856049e+00
  5.266561e+02,   4.104000e+00,   2.937310e+01,   8.576436e-01,   5.415940e-04,   1.269210e+00,   6.908272e+00
  5.416429e+02,   4.126000e+00,   3.052840e+01,   9.091553e-01,   5.651640e-04,   1.309166e+00,   6.960851e+00
  5.572148e+02,   4.148000e+00,   3.170412e+01,   9.625361e-01,   5.895612e-04,   1.349325e+00,   7.013784e+00
  5.733225e+02,   4.170000e+00,   3.290056e+01,   1.017813e+00,   6.146425e-04,   1.389687e+00,   7.067069e+00
  5.900250e+02,   4.192000e+00,   3.411799e+01,   1.075014e+00,   6.404932e-04,   1.430256e+00,   7.120704e+00
  6.073214e+02,   4.214000e+00,   3.535670e+01,   1.134166e+00,   6.670705e-04,   1.471032e+00,   7.174687e+00
  6.251929e+02,   4.236000e+00,   3.661699e+01,   1.195297e+00,   6.942821e-04,   1.512018e+00,   7.229016e+00
  6.436792e+02,   4.258000e+00,   3.789915e+01,   1.258437e+00,   7.221714e-04,   1.553215e+00,   7.283689e+00
  6.627888e+02,   4.280000e+00,   3.920347e+01,   1.323613e+00,   7.507078e-04,   1.594625e+00,   7.338705e+00
  6.825327e+02,   4.302000e+00,   4.053024e+01,   1.390855e+00,   7.798645e-04,   1.636250e+00,   7.394062e+00
  7.029240e+02,   4.324000e+00,   4.187975e+01,   1.460193e+00,   8.096180e-04,   1.678091e+00,   7.449759e+00
  7.239778e+02,   4.346000e+00,   4.325229e+01,   1.531656e+00,   8.399479e-04,   1.720150e+00,   7.505794e+00
  7.457103e+02,   4.368000e+00,   4.464818e+01,   1.605275e+00,   8.708365e-04,   1.762428e+00,   7.562166e+00
  7.681280e+02,   4.390000e+00,   4.606770e+01,   1.681079e+00,   9.022347e-04,   1.804927e+00,   7.618873e+00
  7.912518e+02,   4.412000e+00,   4.751114e+01,   1.759101e+00,   9.341341e-04,   1.847648e+00,   7.675915e+00
  8.151078e+02,   4.434000e+00,   4.897883e+01,   1.839370e+00,   9.665431e-04,   1.890593e+00,   7.733291e+00
  8.396970e+02,   4.456000e+00,   5.047105e+01,   1.921918e+00,   9.993886e-04,   1.933762e+00,   7.790999e+00
  8.650525e+02,   4.478000e+00,   5.198811e+01,   2.006778e+00,   1.032700e-03,   1.977159e+00,   7.849039e+00
  8.911775e+02,   4.500000e+00,   5.353032e+01,   2.093981e+00,   1.066404e-03,   2.020783e+00,   7.907410e+00
  9.181037e+02,   4.522000e+00,   5.509799e+01,   2.183560e+00,   1.100527e-03,   2.064636e+00,   7.966111e+00
  9.458463e+02,   4.544000e+00,   5.669143e+01,   2.275549e+00,   1.135034e-03,   2.108719e+00,   8.025142e+00
  9.744191e+02,   4.566000e+00,   5.831096e+01,   2.369979e+00,   1.169884e-03,   2.153034e+00,   8.084502e+00
  1.003847e+03,   4.588000e+00,   5.995688e+01,   2.466885e+00,   1.205075e-03,   2.197583e+00,   8.144191e+00
  1.034151e+03,   4.610000e+00,   6.162952e+01,   2.566301e+00,   1.240590e-03,   2.242365e+00,   8.204208e+00
  1.065352e+03,   4.632000e+00,   6.332921e+01,   2.668261e+00,   1.276406e-03,   2.287383e+00,   8.264553e+00
  1.097467e+03,   4.654000e+00,   6.505625e+01,   2.772800e+00,   1.312493e-03,   2.332637e+00,   8.325226e+00
  1.130523e+03,   4.676000e+00,   6.681100e+01,   2.879953e+00,   1.348850e-03,   2.378130e+00,   8.386226e+00
  1.164543e+03,   4.698000e+00,   6.859376e+01,   2.989755e+00,   1.385469e-03,   2.423862e+00,   8.447554e+00
  1.199543e+03,   4.720000e+00,   7.040488e+01,   3.102242e+00,   1.422293e-03,   2.469834e+00,   8.509210e+00
  1.235554e+03,   4.742000e+00,   7.224469e+01,   3.217451e+00,   1.459348e-03,   2.516048e+00,   8.571193e+00
  1.272594e+03,   4.764000e+00,   7.411354e+01,   3.335418e+00,   1.496595e-03,   2.562505e+00,   8.633504e+00
  1.310687e+03,   4.786000e+00,   7.601176e+01,   3.456181e+00,   1.534018e-03,   2.609206e+00,   8.696143e+00
  1.349860e+03,   4.808000e+00,   7.793970e+01,   3.579777e+00,   1.571610e-03,   2.656153e+00,   8.759111e+00
  1.390136e+03,   4.830000e+00,   7.989772e+01,   3.706243e+00,   1.609356e-03,   2.703346e+00,   8.822407e+00
  1.431542e+03,   4.852000e+00,   8.188617e+01,   3.835619e+00,   1.647240e-03,   2.750788e+00,   8.886033e+00
  1.474100e+03,   4.874000e+00,   8.390541e+01,   3.967942e+00,   1.685246e-03,   2.798478e+00,   8.949988e+00
  1.517837e+03,   4.896000e+00,   8.595579e+01,   4.103254e+00,   1.723357e-03,   2.846419e+00,   9.014274e+00
  1.562781e+03,   4.918000e+00,   8.803770e+01,   4.241592e+00,   1.761575e-03,   2.894612e+00,   9.078891e+00
  1.608956e+03,   4.940000e+00,   9.015149e+01,   4.382997e+00,   1.799868e-03,   2.943058e+00,   9.143840e+00
  1.656390e+03,   4.962000e+00,   9.229754e+01,   4.527511e+00,   1.838238e-03,   2.991758e+00,   9.209121e+00
  1.705111e+03,   4.984000e+00,   9.447623e+01,   4.675174e+00,   1.876671e-03,   3.040714e+00,   9.274736e+00
  1.755146e+03,   5.006000e+00,   9.668795e+01,   4.826027e+00,   1.915154e-03,   3.089927e+00,   9.340685e+00
  1.806523e+03,   5.028000e+00,   9.893309e+01,   4.980114e+00,   1.953677e-03,   3.139398e+00,   9.406969e+00
  1.859270e+03,   5.050000e+00,   1.012120e+02,   5.137477e+00,   1.992234e-03,   3.189129e+00,   9.473590e+00
  1.913417e+03,   5.072000e+00,   1.035252e+02,   5.298159e+00,   2.030806e-03,   3.239122e+00,   9.540549e+00
  1.968992e+03,   5.094000e+00,   1.058730e+02,   5.462203e+00,   2.069394e-03,   3.289377e+00,   9.607847e+00
  2.026025e+03,   5.116000e+00,   1.082558e+02,   5.629656e+00,   2.107983e-03,   3.339896e+00,   9.675485e+00
  2.084546e+03,   5.138000e+00,   1.106740e+02,   5.800560e+00,   2.146565e-03,   3.390680e+00,   9.743464e+00
  2.144586e+03,   5.160000e+00,   1.131281e+02,   5.974962e+00,   2.185133e-03,   3.441731e+00,   9.811787e+00
  2.206174e+03,   5.182000e+00,   1.156185e+02,   6.152907e+00,   2.223679e-03,   3.493051e+00,   9.880453e+00
  2.269342e+03,   5.204000e+00,   1.181455e+02,   6.334443e+00,   2.262197e-03,   3.544641e+00,   9.949466e+00
  2.334120e+03,   5.226000e+00,   1.207098e+02,   6.519617e+00,   2.300658e-03,   3.596502e+00,   1.001883e+01
  2.400544e+03,   5.248000e+00,   1.233116e+02,   6.708476e+00,   2.339110e-03,   3.648636e+00,   1.008854e+01
  2.468641e+03,   5.270000e+00,   1.259515e+02,   6.901070e+00,   2.377486e-03,   3.701044e+00,   1.015860e+01
  2.538448e+03,   5.292000e+00,   1.286299e+02,   7.097446e+00,   2.415825e-03,   3.753729e+00,   1.022901e+01
  2.609996e+03,   5.314000e+00,   1.313472e+02,   7.297656e+00,   2.454111e-03,   3.806692e+00,   1.029978e+01
  2.683316e+03,   5.336000e+00,   1.341039e+02,   7.501749e+00,   2.492321e-03,   3.859934e+00,   1.037090e+01
  2.758444e+03,   5.358000e+00,   1.369006e+02,   7.709776e+00,   2.530456e-03,   3.913457e+00,   1.044238e+01
  2.835413e+03,   5.380000e+00,   1.397376e+02,   7.921790e+00,   2.568519e-03,   3.967262e+00,   1.051422e+01
  2.914257e+03,   5.402000e+00,   1.426155e+02,   8.137843e+00,   2.606506e-03,   4.021352e+00,   1.058643e+01
  2.995008e+03,   5.424000e+00,   1.455347e+02,   8.357986e+00,   2.644404e-03,   4.075728e+00,   1.065899e+01
  3.077704e+03,   5.446000e+00,   1.484958e+02,   8.582276e+00,   2.682207e-03,   4.130392e+00,   1.073193e+01
  3.162380e+03,   5.468000e+00,   1.514992e+02,   8.810765e+00,   2.719925e-03,   4.185346e+00,   1.080523e+01
  3.249071e+03,   5.490000e+00,   1.545455e+02,   9.043511e+00,   2.757560e-03,   4.240591e+00,   1.087890e+01
  3.337809e+03,   5.512000e+00,   1.576352e+02,   9.280567e+00,   2.795075e-03,   4.296129e+00,   1.095294e+01
  3.428635e+03,   5.534000e+00,   1.607688e+02,   9.521992e+00,   2.832509e-03,   4.351962e+00,   1.102736e+01
  3.521580e+03,   5.556000e+00,   1.639469e+02,   9.767842e+00,   2.869819e-03,   4.408092e+00,   1.110216e+01
  3.616684e+03,   5.578000e+00,   1.671699e+02,   1.001818e+01,   2.907034e-03,   4.464520e+00,   1.117733e+01
  3.713983e+03,   5.600000e+00,   1.704384e+02,   1.027305e+01,   2.944142e-03,   4.521249e+00,   1.125289e+01
  3.813512e+03,   5.622000e+00,   1.737531e+02,   1.053253e+01,   2.981136e-03,   4.578280e+00,   1.132883e+01
  3.915309e+03,   5.644000e+00,   1.771143e+02,   1.079668e+01,   3.018013e-03,   4.635616e+00,   1.140515e+01
  4.019411e+03,   5.666000e+00,   1.805228e+02,   1.106554e+01,   3.054778e-03,   4.693258e+00,   1.148187e+01
  4.125857e+03,   5.688000e+00,   1.839791e+02,   1.133920e+01,   3.091421e-03,   4.751209e+00,   1.155897e+01
  4.234684e+03,   5.710000e+00,   1.874837e+02,   1.161770e+01,   3.127945e-03,   4.809469e+00,   1.163647e+01
  4.345931e+03,   5.732000e+00,   1.910373e+02,   1.190113e+01,   3.164354e-03,   4.868042e+00,   1.171437e+01
  4.459637e+03,   5.754000e+00,   1.946405e+02,   1.218953e+01,   3.200643e-03,   4.926930e+00,   1.179266e+01
  4.575840e+03,   5.776000e+00,   1.982939e+02,   1.248297e+01,   3.236805e-03,   4.986134e+00,   1.187136e+01
  4.694582e+03,   5.798000e+00,   2.019981e+02,   1.278153e+01,   3.272847e-03,   5.045657e+00,   1.195046e+01
  4.771661e+03,   5.820000e+00,   2.058215e+02,   1.308956e+01,   3.309686e-03,   5.106340e+00,   1.203194e+01
  4.798897e+03,   5.842000e+00,   2.097656e+02,   1.340726e+01,   3.347862e-03,   5.168182e+00,   1.211578e+01
  4.824121e+03,   5.864000e+00,   2.137553e+02,   1.372991e+01,   3.386559e-03,   5.230239e+00,   1.219973e+01
  4.843905e+03,   5.886000e+00,   2.178166e+02,   1.405920e+01,   3.426296e-03,   5.292824e+00,   1.228453e+01
  4.863050e+03,   5.908000e+00,   2.219161e+02,   1.439302e+01,   3.466419e-03,   5.355523e+00,   1.236921e+01
  4.882985e+03,   5.930000e+00,   2.260488e+02,   1.473106e+01,   3.506836e-03,   5.418276e+00,   1.245363e+01
  4.902432e+03,   5.952000e+00,   2.302380e+02,   1.507485e+01,   3.548027e-03,   5.481358e+00,   1.253845e+01
  4.922605e+03,   5.974000e+00,   2.344840e+02,   1.542444e+01,   3.590005e-03,   5.544768e+00,   1.262365e+01
  4.941180e+03,   5.996000e+00,   2.387687e+02,   1.577865e+01,   3.632371e-03,   5.608287e+00,   1.270873e+01
  4.960709e+03,   6.018000e+00,   2.430886e+02,   1.613729e+01,   3.675059e-03,   5.671874e+00,   1.279360e+01
  4.987691e+03,   6.040000e+00,   2.474744e+02,   1.650238e+01,   3.718737e-03,   5.735883e+00,   1.287908e+01
  5.028660e+03,   6.062000e+00,   2.518972e+02,   1.687205e+01,   3.762771e-03,   5.799973e+00,   1.296439e+01
  5.204223e+03,   6.084000e+00,   2.563299e+02,   1.724449e+01,   3.805925e-03,   5.863836e+00,   1.304886e+01
  5.383013e+03,   6.106000e+00,   2.608240e+02,   1.762314e+01,   3.848510e-03,   5.928058e+00,   1.313379e+01
  5.565086e+03,   6.128000e+00,   2.653801e+02,   1.800809e+01,   3.890549e-03,   5.992643e+00,   1.321919e+01
  5.750500e+03,   6.150000e+00,   2.699992e+02,   1.839943e+01,   3.932067e-03,   6.057594e+00,   1.330507e+01
  5.939314e+03,   6.172000e+00,   2.746820e+02,   1.879725e+01,   3.973088e-03,   6.122914e+00,   1.339143e+01
  6.131581e+03,   6.194000e+00,   2.794295e+02,   1.920163e+01,   4.013629e-03,   6.188606e+00,   1.347828e+01
  6.327362e+03,   6.216000e+00,   2.842426e+02,   1.961268e+01,   4.053711e-03,   6.254674e+00,   1.356561e+01
  6.526710e+03,   6.238000e+00,   2.891221e+02,   2.003049e+01,   4.093348e-03,   6.321120e+00,   1.365344e+01
  6.729686e+03,   6.260000e+00,   2.940689e+02,   2.045515e+01,   4.132559e-03,   6.387948e+00,   1.374177e+01
  6.936347e+03,   6.282000e+00,   2.990840e+02,   2.088676e+01,   4.171360e-03,   6.455161e+00,   1.383060e+01
  7.146751e+03,   6.304000e+00,   3.041683e+02,   2.132543e+01,   4.209765e-03,   6.522763e+00,   1.391994e+01
  7.360955e+03,   6.326000e+00,   3.093228e+02,   2.177125e+01,   4.247785e-03,   6.590758e+00,   1.400979e+01
  7.579016e+03,   6.348000e+00,   3.145484e+02,   2.222433e+01,   4.285433e-03,   6.659147e+00,   1.410016e+01
  7.800993e+03,   6.370000e+00,   3.198462e+02,   2.268477e+01,   4.322723e-03,   6.727935e+00,   1.419104e+01
  8.026942e+03,   6.392000e+00,   3.252170e+02,   2.315267e+01,   4.359665e-03,   6.797126e+00,   1.428246e+01
  8.256920e+03,   6.414000e+00,   3.306618e+02,   2.362814e+01,   4.396269e-03,   6.866722e+00,   1.437440e+01
  8.490983e+03,   6.436000e+00,   3.361818e+02,   2.411129e+01,   4.432543e-03,   6.936726e+00,   1.446687e+01
  8.729188e+03,   6.458000e+00,   3.417779e+02,   2.460223e+01,   4.468499e-03,   7.007143e+00,   1.455989e+01
  8.971590e+03,   6.480000e+00,   3.474511e+02,   2.510107e+01,   4.504146e-03,   7.077974e+00,   1.465344e+01
  9.218242e+03,   6.502000e+00,   3.532024e+02,   2.560792e+01,   4.539489e-03,   7.149225e+00,   1.474754e+01
  9.469201e+03,   6.524000e+00,   3.590329e+02,   2.612288e+01,   4.574538e-03,   7.220896e+00,   1.484220e+01
  9.724521e+03,   6.546000e+00,   3.649436e+02,   2.664608e+01,   4.609301e-03,   7.292993e+00,   1.493740e+01
  9.984252e+03,   6.568000e+00,   3.709357e+02,   2.717763e+01,   4.643783e-03,   7.365517e+00,   1.503316e+01
  1.024843e+04,   6.590000e+00,   3.770099e+02,   2.771764e+01,   4.677975e-03,   7.438472e+00,   1.512948e+01
  1.051716e+04,   6.612000e+00,   3.831678e+02,   2.826624e+01,   4.711925e-03,   7.511861e+00,   1.522637e+01
  1.079045e+04,   6.634000e+00,   3.894101e+02,   2.882354e+01,   4.745611e-03,   7.585687e+00,   1.532383e+01
  1.106834e+04,   6.656000e+00,   3.957379e+02,   2.938965e+01,   4.779029e-03,   7.659953e+00,   1.542185e+01
  1.135092e+04,   6.678000e+00,   4.021524e+02,   2.996470e+01,   4.812204e-03,   7.734661e+00,   1.552045e+01
  1.163822e+04,   6.700000e+00,   4.086547e+02,   3.054882e+01,   4.845138e-03,   7.809816e+00,   1.561963e+01
  1.193029e+04,   6.722000e+00,   4.152459e+02,   3.114212e+01,   4.877834e-03,   7.885418e+00,   1.571939e+01
  1.222718e+04,   6.744000e+00,   4.219272e+02,   3.174473e+01,   4.910296e-03,   7.961473e+00,   1.581973e+01
  1.252894e+04,   6.766000e+00,   4.286996e+02,   3.235678e+01,   4.942528e-03,   8.037981e+00,   1.592066e+01
  1.283562e+04,   6.788000e+00,   4.355643e+02,   3.297839e+01,   4.974535e-03,   8.114947e+00,   1.602218e+01
  1.314727e+04,   6.810000e+00,   4.425225e+02,   3.360969e+01,   5.006323e-03,   8.192372e+00,   1.612429e+01
  1.346394e+04,   6.832000e+00,   4.495753e+02,   3.425082e+01,   5.037898e-03,   8.270261e+00,   1.622700e+01
  1.378568e+04,   6.854000e+00,   4.567240e+02,   3.490190e+01,   5.069267e-03,   8.348615e+00,   1.633031e+01
  1.411252e+04,   6.876000e+00,   4.639697e+02,   3.556307e+01,   5.100425e-03,   8.427438e+00,   1.643422e+01
  1.444452e+04,   6.898000e+00,   4.713136e+02,   3.623445e+01,   5.131375e-03,   8.506732e+00,   1.653874e+01
  1.478175e+04,   6.920000e+00,   4.787571e+02,   3.691621e+01,   5.162136e-03,   8.586500e+00,   1.664386e+01
  1.512422e+04,   6.942000e+00,   4.863012e+02,   3.760845e+01,   5.192699e-03,   8.666746e+00,   1.674960e+01
  1.547201e+04,   6.964000e+00,   4.939473e+02,   3.831134e+01,   5.223073e-03,   8.747472e+00,   1.685595e+01
  1.582515e+04,   6.986000e+00,   5.016967e+02,   3.902501e+01,   5.253262e-03,   8.828680e+00,   1.696292e+01
  1.618371e+04,   7.008000e+00,   5.095506e+02,   3.974961e+01,   5.283270e-03,   8.910376e+00,   1.707051e+01
  1.654771e+04,   7.030000e+00,   5.175104e+02,   4.048527e+01,   5.313094e-03,   8.992559e+00,   1.717872e+01
  1.691723e+04,   7.052000e+00,   5.255774e+02,   4.123216e+01,   5.342750e-03,   9.075236e+00,   1.728756e+01
  1.729230e+04,   7.074000e+00,   5.337529e+02,   4.199043e+01,   5.372234e-03,   9.158407e+00,   1.739704e+01
  1.767297e+04,   7.096000e+00,   5.420382e+02,   4.276020e+01,   5.401544e-03,   9.242077e+00,   1.750715e+01
  1.805930e+04,   7.118000e+00,   5.504349e+02,   4.354166e+01,   5.430693e-03,   9.326248e+00,   1.761790e+01
  1.845133e+04,   7.140000e+00,   5.589442e+02,   4.433496e+01,   5.459682e-03,   9.410924e+00,   1.772929e+01
  1.884913e+04,   7.162000e+00,   5.675676e+02,   4.514024e+01,   5.488514e-03,   9.496108e+00,   1.784132e+01
  1.925274e+04,   7.184000e+00,   5.763066e+02,   4.595769e+01,   5.517192e-03,   9.581803e+00,   1.795401e+01
  1.966222e+04,   7.206000e+00,   5.851627e+02,   4.678745e+01,   5.545719e-03,   9.668013e+00,   1.806735e+01
  2.007640e+04,   7.228000e+00,   5.941293e+02,   4.762907e+01,   5.573698e-03,   9.754676e+00,   1.818123e+01
  2.049239e+04,   7.250000e+00,   6.031886e+02,   4.848114e+01,   5.600182e-03,   9.841638e+00,   1.829535e+01
  2.091655e+04,   7.272000e+00,   6.123832e+02,   4.934712e+01,   5.627257e-03,   9.929240e+00,   1.841036e+01
  2.134904e+04,   7.294000e+00,   6.217155e+02,   5.022728e+01,   5.654937e-03,   1.001749e+01,   1.852626e+01
  2.179005e+04,   7.316000e+00,   6.311884e+02,   5.112189e+01,   5.683233e-03,   1.010640e+01,   1.864307e+01
  2.223974e+04,   7.338000e+00,   6.408044e+02,   5.203122e+01,   5.712158e-03,   1.019598e+01,   1.876081e+01
  2.269657e+04,   7.360000e+00,   6.505547e+02,   5.295462e+01,   5.741222e-03,   1.028615e+01,   1.887931e+01
  2.314843e+04,   7.382000e+00,   6.603588e+02,   5.388558e+01,   5.766866e-03,   1.037626e+01,   1.899741e+01
  2.360909e+04,   7.404000e+00,   6.703102e+02,   5.483174e+01,   5.793081e-03,   1.046705e+01,   1.911643e+01
  2.407873e+04,   7.426000e+00,   6.804117e+02,   5.579339e+01,   5.819877e-03,   1.055852e+01,   1.923640e+01
  2.455755e+04,   7.448000e+00,   6.906664e+02,   5.677084e+01,   5.847267e-03,   1.065069e+01,   1.935733e+01
  2.504572e+04,   7.470000e+00,   7.010771e+02,   5.776439e+01,   5.875263e-03,   1.074357e+01,   1.947925e+01
  2.554345e+04,   7.492000e+00,   7.116469e+02,   5.877437e+01,   5.903876e-03,   1.083717e+01,   1.960215e+01
  2.603637e+04,   7.514000e+00,   7.222783e+02,   5.979276e+01,   5.929539e-03,   1.093074e+01,   1.972468e+01
  2.653516e+04,   7.536000e+00,   7.330453e+02,   6.082571e+01,   5.954864e-03,   1.102484e+01,   1.984786e+01
  2.704360e+04,   7.558000e+00,   7.439758e+02,   6.187560e+01,   5.980748e-03,   1.111966e+01,   1.997205e+01
  2.756191e+04,   7.580000e+00,   7.550732e+02,   6.294275e+01,   6.007203e-03,   1.121522e+01,   2.009724e+01
  2.809028e+04,   7.602000e+00,   7.663406e+02,   6.402751e+01,   6.034242e-03,   1.131152e+01,   2.022347e+01
  2.862893e+04,   7.624000e+00,   7.777815e+02,   6.513024e+01,   6.061875e-03,   1.140860e+01,   2.035076e+01
  2.917288e+04,   7.646000e+00,   7.893628e+02,   6.624822e+01,   6.089011e-03,   1.150617e+01,   2.047863e+01
  2.971180e+04,   7.668000e+00,   8.010131e+02,   6.737549e+01,   6.113449e-03,   1.160373e+01,   2.060616e+01
  3.026110e+04,   7.690000e+00,   8.128415e+02,   6.852127e+01,   6.138426e-03,   1.170206e+01,   2.073475e+01
  3.082099e+04,   7.712000e+00,   8.248517e+02,   6.968594e+01,   6.163952e-03,   1.180116e+01,   2.086441e+01
  3.139170e+04,   7.734000e+00,   8.370473e+02,   7.086986e+01,   6.190039e-03,   1.190106e+01,   2.099517e+01
  3.197346e+04,   7.756000e+00,   8.494322e+02,   7.207344e+01,   6.216699e-03,   1.200177e+01,   2.112704e+01
  3.256651e+04,   7.778000e+00,   8.620102e+02,   7.329708e+01,   6.243944e-03,   1.210329e+01,   2.126003e+01
  3.316013e+04,   7.800000e+00,   8.747077e+02,   7.453458e+01,   6.269747e-03,   1.220511e+01,   2.139323e+01
  3.375305e+04,   7.822000e+00,   8.875163e+02,   7.578526e+01,   6.293857e-03,   1.230716e+01,   2.152652e+01
  3.435736e+04,   7.844000e+00,   9.005233e+02,   7.705662e+01,   6.318496e-03,   1.241003e+01,   2.166094e+01
  3.497331e+04,   7.866000e+00,   9.137329e+02,   7.834908e+01,   6.343677e-03,   1.251374e+01,   2.179652e+01
  3.560115e+04,   7.888000e+00,   9.271492e+02,   7.966308e+01,   6.369410e-03,   1.261831e+01,   2.193328e+01
  3.624113e+04,   7.910000e+00,   9.407766e+02,   8.099907e+01,   6.395708e-03,   1.272375e+01,   2.207124e+01
  3.689353e+04,   7.932000e+00,   9.546196e+02,   8.235752e+01,   6.422583e-03,   1.283007e+01,   2.221041e+01
  3.754650e+04,   7.954000e+00,   9.685972e+02,   8.373152e+01,   6.448016e-03,   1.293672e+01,   2.234983e+01
  3.819917e+04,   7.976000e+00,   9.827042e+02,   8.512065e+01,   6.471849e-03,   1.304365e+01,   2.248944e+01
  3.886439e+04,   7.998000e+00,   9.970332e+02,   8.653297e+01,   6.496206e-03,   1.315148e+01,   2.263028e+01
  3.954244e+04,   8.020000e+00,   1.011589e+03,   8.796897e+01,   6.521099e-03,   1.326022e+01,   2.277237e+01
  4.023360e+04,   8.042000e+00,   1.026376e+03,   8.942916e+01,   6.546538e-03,   1.336989e+01,   2.291574e+01
  4.093816e+04,   8.064000e+00,   1.041399e+03,   9.091406e+01,   6.572537e-03,   1.348049e+01,   2.306039e+01
  4.165643e+04,   8.086000e+00,   1.056665e+03,   9.242420e+01,   6.599108e-03,   1.359206e+01,   2.320637e+01
  4.238064e+04,   8.108000e+00,   1.072121e+03,   9.395526e+01,   6.625011e-03,   1.370424e+01,   2.335308e+01
  4.310069e+04,   8.130000e+00,   1.087701e+03,   9.550134e+01,   6.648662e-03,   1.381659e+01,   2.349977e+01
  4.383465e+04,   8.152000e+00,   1.103530e+03,   9.707358e+01,   6.672834e-03,   1.392992e+01,   2.364780e+01
  4.458283e+04,   8.174000e+00,   1.119615e+03,   9.867256e+01,   6.697541e-03,   1.404424e+01,   2.379719e+01
  4.534556e+04,   8.196000e+00,   1.135961e+03,   1.002989e+02,   6.722793e-03,   1.415957e+01,   2.394796e+01
  4.612317e+04,   8.218000e+00,   1.152573e+03,   1.019531e+02,   6.748603e-03,   1.427591e+01,   2.410014e+01
  4.691600e+04,   8.240000e+00,   1.169457e+03,   1.036358e+02,   6.774984e-03,   1.439331e+01,   2.425375e+01
  4.772440e+04,   8.262000e+00,   1.186621e+03,   1.053478e+02,   6.801948e-03,   1.451176e+01,   2.440883e+01
  4.852242e+04,   8.284000e+00,   1.203896e+03,   1.070742e+02,   6.825627e-03,   1.463024e+01,   2.456362e+01
  4.933547e+04,   8.306000e+00,   1.221451e+03,   1.088300e+02,   6.849755e-03,   1.474977e+01,   2.471985e+01
  5.016442e+04,   8.328000e+00,   1.239295e+03,   1.106163e+02,   6.874420e-03,   1.487038e+01,   2.487756e+01
  5.100964e+04,   8.350000e+00,   1.257436e+03,   1.124337e+02,   6.899634e-03,   1.499209e+01,   2.503680e+01
  5.187153e+04,   8.372000e+00,   1.275880e+03,   1.142828e+02,   6.925410e-03,   1.511493e+01,   2.519758e+01
  5.275047e+04,   8.394000e+00,   1.294634e+03,   1.161645e+02,   6.951761e-03,   1.523892e+01,   2.535993e+01
  5.364687e+04,   8.416000e+00,   1.313706e+03,   1.180796e+02,   6.978702e-03,   1.536407e+01,   2.552389e+01
  5.454674e+04,   8.438000e+00,   1.333016e+03,   1.200209e+02,   7.004145e-03,   1.548991e+01,   2.568866e+01
  5.545241e+04,   8.460000e+00,   1.352581e+03,   1.219902e+02,   7.028403e-03,   1.561653e+01,   2.585437e+01
  5.637606e+04,   8.482000e+00,   1.372479e+03,   1.239944e+02,   7.053208e-03,   1.574434e+01,   2.602173e+01
  5.731812e+04,   8.504000e+00,   1.392716e+03,   1.260344e+02,   7.078573e-03,   1.587338e+01,   2.619077e+01
  5.827904e+04,   8.526000e+00,   1.413302e+03,   1.281109e+02,   7.104511e-03,   1.600367e+01,   2.636153e+01
  5.925928e+04,   8.548000e+00,   1.434245e+03,   1.302250e+02,   7.131036e-03,   1.613523e+01,   2.653404e+01
  6.025933e+04,   8.570000e+00,   1.455552e+03,   1.323774e+02,   7.158163e-03,   1.626808e+01,   2.670832e+01
  6.127807e+04,   8.592000e+00,   1.477226e+03,   1.345685e+02,   7.185666e-03,   1.640221e+01,   2.688436e+01
  6.229394e+04,   8.614000e+00,   1.499164e+03,   1.367890e+02,   7.210264e-03,   1.653704e+01,   2.706118e+01
  6.333039e+04,   8.636000e+00,   1.521488e+03,   1.390501e+02,   7.235427e-03,   1.667321e+01,   2.723984e+01
  6.438795e+04,   8.658000e+00,   1.544207e+03,   1.413528e+02,   7.261169e-03,   1.681075e+01,   2.742039e+01
  6.546714e+04,   8.680000e+00,   1.567331e+03,   1.436981e+02,   7.287504e-03,   1.694969e+01,   2.760286e+01
  6.656853e+04,   8.702000e+00,   1.590870e+03,   1.460872e+02,   7.314446e-03,   1.709005e+01,   2.778730e+01
  6.769268e+04,   8.724000e+00,   1.614835e+03,   1.485210e+02,   7.342013e-03,   1.723188e+01,   2.797375e+01
  6.884019e+04,   8.746000e+00,   1.639236e+03,   1.510009e+02,   7.370219e-03,   1.737519e+01,   2.816224e+01
  6.999816e+04,   8.768000e+00,   1.664041e+03,   1.535236e+02,   7.396892e-03,   1.751978e+01,   2.835243e+01
  7.117090e+04,   8.790000e+00,   1.689269e+03,   1.560915e+02,   7.422667e-03,   1.766574e+01,   2.854447e+01
  7.236819e+04,   8.812000e+00,   1.714962e+03,   1.587084e+02,   7.449050e-03,   1.781326e+01,   2.873864e+01
  7.359068e+04,   8.834000e+00,   1.741134e+03,   1.613756e+02,   7.476056e-03,   1.796237e+01,   2.893501e+01
  7.483906e+04,   8.856000e+00,   1.767796e+03,   1.640946e+02,   7.503702e-03,   1.811311e+01,   2.913362e+01
  7.611403e+04,   8.878000e+00,   1.794962e+03,   1.668665e+02,   7.532006e-03,   1.826550e+01,   2.933451e+01
  7.741630e+04,   8.900000e+00,   1.822645e+03,   1.696930e+02,   7.560984e-03,   1.841960e+01,   2.953773e+01
  7.874293e+04,   8.922000e+00,   1.850858e+03,   1.725753e+02,   7.589951e-03,   1.857542e+01,   2.974334e+01
  8.008249e+04,   8.944000e+00,   1.879609e+03,   1.755143e+02,   7.616635e-03,   1.873297e+01,   2.995132e+01
  8.145110e+04,   8.966000e+00,   1.908917e+03,   1.785121e+02,   7.643968e-03,   1.889232e+01,   3.016178e+01
  8.284958e+04,   8.988000e+00,   1.938798e+03,   1.815702e+02,   7.671968e-03,   1.905350e+01,   3.037476e+01
  8.427878e+04,   9.010000e+00,   1.969268e+03,   1.846905e+02,   7.700653e-03,   1.921657e+01,   3.059033e+01
  8.573958e+04,   9.032000e+00,   2.000344e+03,   1.878745e+02,   7.730043e-03,   1.938155e+01,   3.080855e+01
  8.723289e+04,   9.054000e+00,   2.032043e+03,   1.911242e+02,   7.760158e-03,   1.954850e+01,   3.102948e+01
  8.875966e+04,   9.076000e+00,   2.064383e+03,   1.944415e+02,   7.791020e-03,   1.971747e+01,   3.125318e+01
  9.030723e+04,   9.098000e+00,   2.097458e+03,   1.978354e+02,   7.819235e-03,   1.988885e+01,   3.148030e+01
  9.188872e+04,   9.120000e+00,   2.131219e+03,   2.013015e+02,   7.847883e-03,   2.006236e+01,   3.171036e+01
  9.350630e+04,   9.142000e+00,   2.165679e+03,   2.048412e+02,   7.877259e-03,   2.023803e+01,   3.194339e+01
  9.516105e+04,   9.164000e+00,   2.200860e+03,   2.084569e+02,   7.907383e-03,   2.041591e+01,   3.217946e+01
  9.685410e+04,   9.186000e+00,   2.236782e+03,   2.121508e+02,   7.938278e-03,   2.059605e+01,   3.241866e+01
  9.858664e+04,   9.208000e+00,   2.273469e+03,   2.159252e+02,   7.969969e-03,   2.077850e+01,   3.266105e+01
  1.003599e+05,   9.230000e+00,   2.310945e+03,   2.197827e+02,   8.002480e-03,   2.096333e+01,   3.290672e+01
  1.021678e+05,   9.252000e+00,   2.349400e+03,   2.237418e+02,   8.032674e-03,   2.115134e+01,   3.315693e+01
  1.040175e+05,   9.274000e+00,   2.388730e+03,   2.277927e+02,   8.063080e-03,   2.134200e+01,   3.341082e+01
  1.059120e+05,   9.296000e+00,   2.428932e+03,   2.319354e+02,   8.094297e-03,   2.153524e+01,   3.366827e+01
  1.078525e+05,   9.318000e+00,   2.470034e+03,   2.361730e+02,   8.126351e-03,   2.173112e+01,   3.392939e+01
  1.098405e+05,   9.340000e+00,   2.512064e+03,   2.405083e+02,   8.159268e-03,   2.192971e+01,   3.419424e+01
  1.118774e+05,   9.362000e+00,   2.555051e+03,   2.449445e+02,   8.193075e-03,   2.213108e+01,   3.446293e+01
  1.139650e+05,   9.384000e+00,   2.599030e+03,   2.494851e+02,   8.227790e-03,   2.233530e+01,   3.473558e+01
  1.160827e+05,   9.406000e+00,   2.644187e+03,   2.541485e+02,   8.259514e-03,   2.254313e+01,   3.501331e+01
  1.182545e+05,   9.428000e+00,   2.690409e+03,   2.589239e+02,   8.292124e-03,   2.275398e+01,   3.529524e+01
  1.204821e+05,   9.450000e+00,   2.737733e+03,   2.638155e+02,   8.325651e-03,   2.296795e+01,   3.558149e+01
  1.227676e+05,   9.472000e+00,   2.786197e+03,   2.688271e+02,   8.360128e-03,   2.318512e+01,   3.587217e+01
  1.251130e+05,   9.494000e+00,   2.835842e+03,   2.739631e+02,   8.395587e-03,   2.340559e+01,   3.616743e+01
  1.275204e+05,   9.516000e+00,   2.886710e+03,   2.792278e+02,   8.432064e-03,   2.362946e+01,   3.646739e+01
  1.298777e+05,   9.538000e+00,   2.937791e+03,   2.845239e+02,   8.467272e-03,   2.385253e+01,   3.676559e+01
  1.321131e+05,   9.560000e+00,   2.988420e+03,   2.897869e+02,   8.499696e-03,   2.407217e+01,   3.705796e+01
  1.344122e+05,   9.582000e+00,   3.040319e+03,   2.951837e+02,   8.533067e-03,   2.429533e+01,   3.735524e+01
  1.367773e+05,   9.604000e+00,   3.093535e+03,   3.007193e+02,   8.567421e-03,   2.452212e+01,   3.765757e+01
  1.392110e+05,   9.626000e+00,   3.148119e+03,   3.063991e+02,   8.602795e-03,   2.475265e+01,   3.796511e+01
  1.417159e+05,   9.648000e+00,   3.204125e+03,   3.122286e+02,   8.639229e-03,   2.498705e+01,   3.827803e+01
  1.442949e+05,   9.670000e+00,   3.261607e+03,   3.182136e+02,   8.676764e-03,   2.522544e+01,   3.859652e+01
  1.468598e+05,   9.692000e+00,   3.319769e+03,   3.242768e+02,   8.713534e-03,   2.546466e+01,   3.891573e+01
  1.492906e+05,   9.714000e+00,   3.377471e+03,   3.303068e+02,   8.747077e-03,   2.570037e+01,   3.922901e+01
  1.517851e+05,   9.736000e+00,   3.436574e+03,   3.364857e+02,   8.781572e-03,   2.593968e+01,   3.954725e+01
  1.543457e+05,   9.758000e+00,   3.497131e+03,   3.428190e+02,   8.817052e-03,   2.618270e+01,   3.987059e+01
  1.569747e+05,   9.780000e+00,   3.559193e+03,   3.493122e+02,   8.853554e-03,   2.642953e+01,   4.019919e+01
  1.596747e+05,   9.802000e+00,   3.622817e+03,   3.559713e+02,   8.891114e-03,   2.668029e+01,   4.053321e+01
  1.624483e+05,   9.824000e+00,   3.688061e+03,   3.628024e+02,   8.929773e-03,   2.693511e+01,   4.087281e+01
  1.652984e+05,   9.846000e+00,   3.754986e+03,   3.698120e+02,   8.969572e-03,   2.719411e+01,   4.121816e+01
  1.680221e+05,   9.868000e+00,   3.821838e+03,   3.768278e+02,   9.005011e-03,   2.745089e+01,   4.155958e+01
  1.708126e+05,   9.890000e+00,   3.890371e+03,   3.840225e+02,   9.041234e-03,   2.771174e+01,   4.190659e+01
  1.736847e+05,   9.912000e+00,   3.960757e+03,   3.914139e+02,   9.078598e-03,   2.797719e+01,   4.225997e+01
  1.766417e+05,   9.934000e+00,   4.033072e+03,   3.990099e+02,   9.117151e-03,   2.824740e+01,   4.261993e+01
  1.796873e+05,   9.956000e+00,   4.107396e+03,   4.068190e+02,   9.156940e-03,   2.852251e+01,   4.298670e+01
  1.828250e+05,   9.978000e+00,   4.183814e+03,   4.148501e+02,   9.198017e-03,   2.880270e+01,   4.336050e+01
  1.860589e+05,   1.000000e+01,   4.262412e+03,   4.231125e+02,   9.240437e-03,   2.908815e+01,   4.374158e+01
  2.129605e+05,   1.020000e+01,   4.967109e+03,   4.979261e+02,   9.567149e-03,   3.155547e+01,   4.698771e+01
  2.410802e+05,   1.040000e+01,   5.765116e+03,   5.833483e+02,   9.896526e-03,   3.415541e+01,   5.038529e+01
  2.775683e+05,   1.060000e+01,   6.806900e+03,   6.949273e+02,   1.028597e-02,   3.727935e+01,   5.450498e+01
  3.203703e+05,   1.080000e+01,   8.093826e+03,   8.333718e+02,   1.071615e-02,   4.082449e+01,   5.918181e+01
  3.624022e+05,   1.100000e+01,   9.475576e+03,   9.836093e+02,   1.111778e-02,   4.435216e+01,   6.377435e+01
  4.010313e+05,   1.120000e+01,   1.086682e+04,   1.136840e+03,   1.146910e-02,   4.768202e+01,   6.803041e+01
